5.200000000000000000e+02 0.000000000000000000e+00
5.038079658281645834e+02 5.844590445684303148e+01
4.617869485620619798e+02 1.105582882841401897e+02
4.091608245414353178e+02 1.506899660872551294e+02
3.607041669783056363e+02 1.744920478690794994e+02
3.244866097557770672e+02 1.793852087412005858e+02
3.015025389088473275e+02 1.648391987979103419e+02
2.887977385787681328e+02 1.324303039211637270e+02
2.826481232477792673e+02 8.567053074667326484e+01
2.802659572059968127e+02 2.962702625053212557e+01
2.802659572059968127e+02 -2.962702625053208649e+01
2.826481232477792673e+02 -8.567053074667322221e+01
2.887977385787681328e+02 -1.324303039211636417e+02
3.015025389088473275e+02 -1.648391987979102851e+02
3.244866097557769535e+02 -1.793852087412005289e+02
3.607041669783056363e+02 -1.744920478690795278e+02
4.091608245414353178e+02 -1.506899660872551863e+02
4.617869485620618661e+02 -1.105582882841402323e+02
5.038079658281645266e+02 -5.844590445684308122e+01
5.200000000000000000e+02 -4.408728476930471644e-14
