6.200000000000000000e+02 0.000000000000000000e+00
5.903146040183016794e+02 1.071508248375455565e+02
5.132760723637802585e+02 2.026901951875903478e+02
4.167948449926314538e+02 2.762649378266344229e+02
3.279576394602270284e+02 3.199020877599791106e+02
2.615587845522579187e+02 3.288728826922010740e+02
2.194213213328867766e+02 3.022051977961689886e+02
1.961291873944082624e+02 2.427888905221334994e+02
1.848548926209286378e+02 1.570626397022343212e+02
1.804875882109941756e+02 5.431621479264222785e+01
1.804875882109941756e+02 -5.431621479264215679e+01
1.848548926209286378e+02 -1.570626397022342360e+02
1.961291873944082056e+02 -2.427888905221333573e+02
2.194213213328867482e+02 -3.022051977961688181e+02
2.615587845522577481e+02 -3.288728826922009603e+02
3.279576394602269716e+02 -3.199020877599791106e+02
4.167948449926313970e+02 -2.762649378266344797e+02
5.132760723637800311e+02 -2.026901951875904047e+02
5.903146040183016794e+02 -1.071508248375456560e+02
6.200000000000000000e+02 -8.082668874372531138e-14
