3.300000000000000000e+02 -1.700000000000000000e+02
4.150000000000000000e+02 -1.700000000000000000e+02
4.350000000000000000e+02 -2.400000000000000000e+02
5.400000000000000000e+02 -2.400000000000000000e+02
6.070000000000000000e+02 -1.770000000000000000e+02
6.070000000000000000e+02 -7.200000000000000000e+01
6.670000000000000000e+02 -7.200000000000000000e+01
6.670000000000000000e+02 7.200000000000000000e+01
6.070000000000000000e+02 7.200000000000000000e+01
6.070000000000000000e+02 1.770000000000000000e+02
5.400000000000000000e+02 2.400000000000000000e+02
4.350000000000000000e+02 2.400000000000000000e+02
4.150000000000000000e+02 1.700000000000000000e+02
3.300000000000000000e+02 1.700000000000000000e+02
2.500000000000000000e+02 8.000000000000000000e+01
2.500000000000000000e+02 -8.000000000000000000e+01
