3.260000000000000000e+02 -3.379999999999999716e+01
3.750000000000000000e+02 -9.040000000000000568e+01
4.520000000000000000e+02 -1.420000000000000000e+02
4.950000000000000000e+02 -1.650000000000000000e+02
5.000000000000000000e+02 -1.760000000000000000e+02
4.920000000000000000e+02 -1.940000000000000000e+02
4.920000000000000000e+02 -2.270000000000000000e+02
5.010000000000000000e+02 -2.270000000000000000e+02
5.190000000000000000e+02 -1.850000000000000000e+02
5.270000000000000000e+02 -1.820000000000000000e+02
5.610000000000000000e+02 -2.000000000000000000e+02
5.700000000000000000e+02 -1.950000000000000000e+02
5.540000000000000000e+02 -1.660000000000000000e+02
5.370000000000000000e+02 -1.610000000000000000e+02
5.330000000000000000e+02 -1.520000000000000000e+02
5.870000000000000000e+02 -2.500000000000000000e+01
5.870000000000000000e+02 2.500000000000000000e+01
5.330000000000000000e+02 1.520000000000000000e+02
5.370000000000000000e+02 1.610000000000000000e+02
5.540000000000000000e+02 1.660000000000000000e+02
5.700000000000000000e+02 1.950000000000000000e+02
5.610000000000000000e+02 2.000000000000000000e+02
5.270000000000000000e+02 1.820000000000000000e+02
5.190000000000000000e+02 1.850000000000000000e+02
5.010000000000000000e+02 2.270000000000000000e+02
4.920000000000000000e+02 2.270000000000000000e+02
4.920000000000000000e+02 1.940000000000000000e+02
5.000000000000000000e+02 1.760000000000000000e+02
4.950000000000000000e+02 1.650000000000000000e+02
4.520000000000000000e+02 1.420000000000000000e+02
3.750000000000000000e+02 9.040000000000000568e+01
3.260000000000000000e+02 3.379999999999999716e+01
